# Created by Octave 6.2.0, Fri May 14 18:50:05 2021 GMT <unknown@DESKTOP-MPANEOC>
# name: A
# type: matrix
# rows: 4
# columns: 3
 1 2 3
 4 5 6
 7 8 9
 10 11 12


